-1.998807559619236729e-01
1.307773353994373666e-01
3.659317650442263092e-01
4.889760665504323534e-01
-4.396304557264308910e-01
-4.585792719235911585e-01
1.025666702836613986e-01
4.891560660770836177e-01
-4.928585313952036362e-01
-4.928232786018605927e-01
-4.569198886438813334e-01
-3.477303026789216878e-01
4.308700046571930509e-01
-3.561850340632248813e-01
4.665540104199712435e-01
4.914074604410718639e-01
3.195712154544370076e-01
2.487000878147711536e-01
-4.797935484120101624e-01
-4.753251959882042188e-01
3.934446078526581125e-01
-4.880533095499285379e-01
3.114797596157001802e-01
-1.949429488279725842e-01
5.129675444945436258e-02
-3.251134538397114637e-01
-3.911778169116109094e-02
-1.190117736092195511e-01
-1.161531953272998408e-02
-4.501423556801426029e-01
4.381729685475539426e-01
1.107919378440639369e-01
-1.929398236322844573e-01
2.101555022417966878e-02
3.983966584560694191e-01
-2.432045796556769890e-02
-3.403347657557453942e-02
-4.863344663144582025e-01
4.803802449092142712e-01
-4.478120439581182444e-01
-1.170213904537338312e-01
-5.202297890763896149e-02
-4.073584460676527019e-02
-4.923572970747986943e-01
-4.455391406080813077e-01
-4.870386677725516700e-01
4.929246237844538969e-01
1.902359473089264563e-01
3.763539611535038354e-02
4.526711229477097254e-01
3.852383523795686049e-01
1.249120507595310459e-01
5.563014882462224975e-02
1.645529514619049616e-01
-3.197799293922954922e-01
-4.669270524247768339e-01
4.431500574863089792e-02
4.600415451940308431e-01
4.569753895645277675e-01
-3.826783611528857820e-01
4.660581217066906978e-01
-3.615480399559790614e-01
-9.868778126516064564e-02
2.295038731866620996e-01
-1.126141805261049456e-01
-4.954370222949509017e-01
-4.910041561897964257e-01
-4.623764934182539310e-02
4.969199171165062934e-01
3.627799787844425694e-01
4.994284032513847116e-01
-3.007493994435039841e-02
-1.689276376014974268e-01
9.966414528501343906e-02
-2.172100857885750358e-02
-2.162975385444764198e-01
-1.999124844635156162e-01
2.515279854747257682e-01
4.323547004290109186e-01
-8.138235531056081662e-03
4.292717150315087382e-01
-4.909521192070120943e-01
3.254615144639193547e-01
4.840433468185184607e-01
8.980359059216513895e-02
-7.980501009686169489e-03
4.931197396007467315e-01
-4.960057811826856788e-01
1.475636056540858831e-01
1.431360961505055984e-01
-3.410425037697487616e-01
4.509543005423970463e-01
-4.543329458325768844e-01
-4.816484029717870152e-01
-3.758539118422443703e-02
-3.692566958160464763e-01
1.492694005692598580e-01
-2.460080279253812341e-01
2.944401722351317474e-01
4.453583683928573622e-01
-1.200880037033860148e-01
9.446195558222592048e-02
1.933820316975234377e-01
1.934524453800697819e-01
-4.730229435138656457e-01
-2.537640212728283773e-01
-2.867090646407506327e-01
-3.642933281076110585e-01
2.352092016104874173e-01
-1.942968313359707544e-01
-2.184504118933890959e-01
-1.921976365137492149e-01
3.759018312102420101e-01
2.148311974231933430e-01
-3.620157263265078029e-02
2.838192025181826006e-01
-2.806408303058972598e-01
3.456183337975503589e-01
3.603519907747030349e-01
4.845890613070459318e-01
-2.343706855418361545e-01
4.748591824081336288e-01
-1.009552376492992565e-01
3.213037331952111053e-01
1.963027511215930110e-01
3.557178416327566595e-02
-3.168691350242267557e-01
1.885311364212236551e-01
-4.066493878668123729e-01
-1.141676316373754219e-01
-1.239268521862224581e-01
-2.097244282131220938e-01
2.281646439865460119e-01
4.004480448095157907e-01
2.136775906017822635e-01
1.308135932723163419e-01
-4.794038029770014697e-01
1.812095877823589607e-01
1.504107935528736784e-01
1.661206122107017347e-02
-1.027597800898033542e-01
2.120876973291774270e-01
-4.869690754623208218e-01
-4.761637099221501801e-01
4.647494605248967403e-01
-4.460988012681310622e-02
-4.902588175702997653e-01
9.887115546387148513e-02
-4.667437409008381444e-01
-2.315574863919190873e-01
-9.285790630910195631e-02
-1.196026001446981457e-01
6.047657753200363917e-02
